ID,start,end,length
0,0,4755,4755
1,4755,7160,2405
2,7160,11730,4570
3,11730,17820,6090
4,17820,24852,7032
5,24852,30151,5299
6,30151,33957,3806
7,33957,39404,5447
8,39404,43127,3723
9,43127,46180,3053
10,46180,52587,6407
